,0
0,81528.49089053433
1,79800.88519429462
2,77242.83278356711
3,73964.34994431061
4,70090.04278018982
5,65797.80653338075
6,61265.33165491335
7,56685.531404338435
8,52208.90865660376
9,48000.63677966286
10,44140.28023664065
11,40690.87746575744
12,37664.87108058203
13,35079.842090710605
14,32856.63561531031
15,30948.65856576546
16,29355.34000918411
17,27955.223281495677
18,26654.551272576835
19,25392.634436594195
20,24131.162866209346
21,22908.491460754896
22,21756.617285348384
23,20674.07577300616
24,19699.87032835657
25,18865.490692996325
26,18193.802108668173
27,17708.69997863726
28,17431.273136599415
29,17365.063538511935
30,17484.259742735925
31,17751.355492036295
32,18126.1946558643
33,18591.636835877296
34,19094.71249186761
35,19607.23181229598
36,20065.79332009232
37,20392.80133974006
38,20550.616189469572
39,20547.58000558502
40,20431.201231066876
41,20226.942231736964
42,19955.472950310606
43,19629.603693550587
44,19260.23803853439
45,18859.188710911985
46,18439.031748786685
47,18012.90481446529
48,17593.937813014218
49,17193.25307568965
50,16827.40765635769
51,16521.342634286644
52,16310.556692901382
53,16226.868480790712
54,16294.555057446458
55,16489.887024547596
56,16771.524496663456
57,17103.497150154104
58,17454.386610034304
59,17800.877714619302
60,18133.033438982904
61,18435.3858458083
62,18694.297706508252
63,18906.745248782812
64,19081.005448116957
65,19233.186989882845
66,19405.129325791582
67,19652.91264944304
68,20059.187254185104
69,20701.56122711896
70,21652.612860683694
71,22927.931105146028
72,24460.051240925088
73,26134.11180972095
74,27871.35199851205
75,29600.686007908316
76,31274.062388102706
77,32935.29403275889
78,34623.60465213197
79,36312.16350319721
80,37957.523834036845
81,39486.550382352536
82,40882.51233209369
83,42139.97961499462
84,43269.8247791713
85,44274.91490066801
86,45080.128863649246
87,45601.24786076238
88,45794.53967364369
89,45686.21136319144
90,45464.18052615199
91,45387.9640879749
92,45603.258537468755
93,46100.1625330131
94,46911.78707944399
95,48098.62003434495
96,49603.58052010715
97,51216.00050539909
98,52387.05833626421
99,52959.91502381275
100,52855.235719235025
101,52201.26312048568
102,51140.80492005594
103,49913.5412282968
104,48632.68431420347
105,47473.74639570735
106,46685.69765423796
107,46539.22544139143
108,47085.180019303705
109,48243.35152245033
110,49752.500918017475
111,51103.72531104172
112,52022.66041798707
113,52178.51889169286
114,51460.48389899309
115,49913.857723704285
116,47849.48850231553
117,45552.99782560162
118,43250.33859133789
119,41104.68590235612
120,39210.27471478701
121,37596.52048414979
122,36212.846003169834
123,35033.19004706803
124,34035.19004327823
125,33207.83381335762
126,32546.712141874483
127,32070.439302843566
128,31817.723925758797
129,31856.119162741383
130,32241.995328181405
131,32978.56081669983
132,33962.54503857187
133,35035.04557896682
134,36004.837153840446
135,36729.76988468571
136,37127.16710353743
137,37222.497382009715
138,37124.23486667396
139,36979.25514687644
140,36900.19955872044
141,37066.939889230656
142,37638.74779787988
143,38700.36958436655
144,40178.57069371547
145,41952.279220978875
146,43826.07476651531
147,45559.5480393781
148,46714.1729322232
149,47112.14108396684
150,46780.118784137776
151,45874.19101786085
152,44644.531890272505
153,43401.26035726613
154,42381.509051452085
155,41689.029511458684
156,41230.626251366084
157,41013.1504658775
158,41031.71819644998
159,41240.82236812096
160,41539.383035848834
161,41902.502560911424
162,42310.08658782956
163,42797.36539951096
164,43391.46451411485
165,44019.23625775825
166,44646.14539627145
167,45188.02897443254
168,45562.47407044927
169,45584.70942427319
170,45065.27840266664
171,43990.52205676933
172,42543.92704762282
173,40857.07478944109
174,39121.95387872168
175,37454.587808373355
176,35925.660552734524
177,34584.374736084545
178,33480.994173186715
179,32654.30506593875
180,32088.218897793482
181,31748.606913977063
182,31609.063468237528
183,31541.643740650838
184,31431.332679557574
185,31160.369170203965
186,30663.480689140375
187,29892.525802571356
188,28839.65108033666
189,27555.930193095195
190,26178.030201853777
191,24830.066952685087
192,23587.043651370863
193,22470.961383075573
194,21469.984150428096
195,20574.699317951905
196,19785.457512912148
197,19096.012605355223
198,18494.851299109807
199,17969.046928807427
200,17505.503721239344
201,17090.364142191538
202,16710.75892987434
203,16355.143759154924
204,16013.839145487686
205,15679.793757367628
206,15348.300501332436
207,15017.882398813854
208,14689.94661321672
209,14367.340051760337
210,14053.961503459457
211,13753.01315714276
212,13469.116776628372
213,13204.58557099748
214,12961.165695059515
215,12739.700360843735
216,12542.25997580744
217,12371.457954234496
218,12228.71852545859
219,12115.252594702966
220,12032.83734573858
221,11983.191007309502
222,11968.984397278406
223,11999.566541750717
224,12100.619336450996
225,12323.212573417963
226,12756.156570584899
227,13491.71516930206
228,14575.783306550979
229,16399.786677539196
230,19351.31269493446
231,23018.8382051539
232,26596.682259345438
233,29465.536263119757
234,31424.996565615562
235,32553.693658216074
236,33042.78456125015
237,33127.43156827173
238,33016.31065128284
239,32864.948274101036
240,32768.34270531035
241,32754.87923890761
242,32823.62390315113
243,32957.8520877826
244,33141.80108035079
245,33373.233692730246
246,33642.67988586562
247,33925.49645851917
248,34217.16869679002
249,34518.73296799285
250,34825.901069645864
251,35178.520394130705
252,35636.08897515846
253,36223.23449948612
254,36872.99026236515
255,37513.784861157736
256,38071.53665023922
257,38612.0301309243
258,39131.10431947339
259,39662.75144322964
260,40198.47887542553
261,40752.74300923238
262,41299.374018505754
263,41769.847544628916
264,42161.4578621575
265,42487.58465929812
266,42762.985310148826
267,42971.27031723573
268,43052.591019582556
269,42966.6097672157
270,42666.08806911987
271,42179.51671776108
272,41606.87102715086
273,41003.46012119538
274,40397.30625504169
275,39874.40619553741
276,39491.92459848748
277,39305.75703517074
278,39324.87708125824
279,39543.122384992465
280,39943.054670000216
281,40450.88706579127
282,41103.75503351058
283,41943.646963884516
284,42818.198244274274
285,43599.61919956337
286,44137.028401473544
287,44292.88066938703
288,44041.98048655107
289,43461.93128572262
290,42738.54069426481
291,42057.064024025756
292,41558.00661855204
293,41295.22234345462
294,41242.89510275037
295,41307.16849363912
296,41425.82634538077
297,41549.60087287676
298,41678.27487339648
299,41681.464650640555
300,41471.168966847275
301,41103.0320587072
302,40639.19562745277
